  0.0000    1    1.500   1.0000           cue
  1.5000    0    2.500   1.0000          NULL 
  4.0000    1    1.500   1.0000           cue
  5.5000    0    1.500   1.0000          NULL 
  7.0000    1    1.500   1.0000           cue
  8.5000    0    1.500   1.0000          NULL 
 10.0000    1    1.500   1.0000           cue
 11.5000    0    5.500   1.0000          NULL 
 17.0000    1    1.500   1.0000           cue
 18.5000    0    1.500   1.0000          NULL 
 20.0000    1    1.500   1.0000           cue
 21.5000    0    6.500   1.0000          NULL 
 28.0000    1    1.500   1.0000           cue
 29.5000    0    1.500   1.0000          NULL 
 31.0000    1    1.500   1.0000           cue
 32.5000    0    4.500   1.0000          NULL 
 37.0000    1    1.500   1.0000           cue
 38.5000    0    1.500   1.0000          NULL 
 40.0000    1    1.500   1.0000           cue
 41.5000    0    7.500   1.0000          NULL 
 49.0000    1    1.500   1.0000           cue
 50.5000    0    1.500   1.0000          NULL 
 52.0000    1    1.500   1.0000           cue
 53.5000    0    2.500   1.0000          NULL 
 56.0000    1    1.500   1.0000           cue
 57.5000    0    1.500   1.0000          NULL 
 59.0000    1    1.500   1.0000           cue
 60.5000    0    2.500   1.0000          NULL 
 63.0000    1    1.500   1.0000           cue
 64.5000    0    1.500   1.0000          NULL 
 66.0000    1    1.500   1.0000           cue
 67.5000    0    3.500   1.0000          NULL 
 71.0000    1    1.500   1.0000           cue
 72.5000    0    5.500   1.0000          NULL 
 78.0000    1    1.500   1.0000           cue
 79.5000    0    1.500   1.0000          NULL 
 81.0000    1    1.500   1.0000           cue
 82.5000    0    1.500   1.0000          NULL 
 84.0000    1    1.500   1.0000           cue
 85.5000    0    4.500   1.0000          NULL 
 90.0000    1    1.500   1.0000           cue
 91.5000    0    3.500   1.0000          NULL 
 95.0000    1    1.500   1.0000           cue
 96.5000    0    2.500   1.0000          NULL 
 99.0000    1    1.500   1.0000           cue
100.5000    0    7.500   1.0000          NULL 
108.0000    1    1.500   1.0000           cue
109.5000    0    5.500   1.0000          NULL 
115.0000    1    1.500   1.0000           cue
116.5000    0    3.500   1.0000          NULL 
120.0000    1    1.500   1.0000           cue
121.5000    0    6.500   1.0000          NULL 
128.0000    1    1.500   1.0000           cue
129.5000    0    2.500   1.0000          NULL 
132.0000    1    1.500   1.0000           cue
133.5000    0    4.500   1.0000          NULL 
138.0000    1    1.500   1.0000           cue
139.5000    0    3.500   1.0000          NULL 
143.0000    1    1.500   1.0000           cue
144.5000    0    1.500   1.0000          NULL 
146.0000    1    1.500   1.0000           cue
147.5000    0    1.500   1.0000          NULL 
149.0000    1    1.500   1.0000           cue
150.5000    0    1.500   1.0000          NULL 
152.0000    1    1.500   1.0000           cue
153.5000    0    1.500   1.0000          NULL 
155.0000    1    1.500   1.0000           cue
156.5000    0    9.500   1.0000          NULL 
166.0000    1    1.500   1.0000           cue
167.5000    0    1.500   1.0000          NULL 
169.0000    1    1.500   1.0000           cue
170.5000    0    1.500   1.0000          NULL 
172.0000    1    1.500   1.0000           cue
173.5000    0    2.500   1.0000          NULL 
176.0000    1    1.500   1.0000           cue
177.5000    0    4.500   1.0000          NULL 
182.0000    1    1.500   1.0000           cue
183.5000    0    1.500   1.0000          NULL 
185.0000    1    1.500   1.0000           cue
186.5000    0    6.500   1.0000          NULL 
193.0000    1    1.500   1.0000           cue
194.5000    0    1.500   1.0000          NULL 
196.0000    1    1.500   1.0000           cue
197.5000    0    2.500   1.0000          NULL 
200.0000    1    1.500   1.0000           cue
201.5000    0    7.500   1.0000          NULL 
209.0000    1    1.500   1.0000           cue
210.5000    0    2.500   1.0000          NULL 
213.0000    1    1.500   1.0000           cue
214.5000    0    3.500   1.0000          NULL 
218.0000    1    1.500   1.0000           cue
219.5000    0    4.500   1.0000          NULL 
224.0000    1    1.500   1.0000           cue
225.5000    0    6.500   1.0000          NULL 
232.0000    1    1.500   1.0000           cue
233.5000    0    1.500   1.0000          NULL 
235.0000    1    1.500   1.0000           cue
236.5000    0    8.500   1.0000          NULL 
245.0000    1    1.500   1.0000           cue
246.5000    0    3.500   1.0000          NULL 
250.0000    1    1.500   1.0000           cue
251.5000    0    5.500   1.0000          NULL 
257.0000    1    1.500   1.0000           cue
258.5000    0    6.500   1.0000          NULL 
265.0000    1    1.500   1.0000           cue
266.5000    0    5.500   1.0000          NULL 
272.0000    1    1.500   1.0000           cue
273.5000    0    5.500   1.0000          NULL 
279.0000    1    1.500   1.0000           cue
280.5000    0    2.500   1.0000          NULL 
283.0000    1    1.500   1.0000           cue
284.5000    0    1.500   1.0000          NULL 
286.0000    1    1.500   1.0000           cue
287.5000    0    9.500   1.0000          NULL 
297.0000    1    1.500   1.0000           cue
298.5000    0    5.500   1.0000          NULL 
304.0000    1    1.500   1.0000           cue
305.5000    0    1.500   1.0000          NULL 
307.0000    1    1.500   1.0000           cue
308.5000    0    4.500   1.0000          NULL 
313.0000    1    1.500   1.0000           cue
314.5000    0    2.500   1.0000          NULL 
317.0000    1    1.500   1.0000           cue
318.5000    0    2.500   1.0000          NULL 
321.0000    1    1.500   1.0000           cue
322.5000    0    9.500   1.0000          NULL 
332.0000    1    1.500   1.0000           cue
333.5000    0    2.500   1.0000          NULL 
336.0000    1    1.500   1.0000           cue
337.5000    0    1.500   1.0000          NULL 
339.0000    1    1.500   1.0000           cue
340.5000    0    3.500   1.0000          NULL 
344.0000    1    1.500   1.0000           cue
345.5000    0    5.500   1.0000          NULL 
351.0000    1    1.500   1.0000           cue
352.5000    0    4.500   1.0000          NULL 
357.0000    1    1.500   1.0000           cue
358.5000    0    1.500   1.0000          NULL 
360.0000    1    1.500   1.0000           cue
361.5000    0    2.500   1.0000          NULL 
364.0000    1    1.500   1.0000           cue
365.5000    0    1.500   1.0000          NULL 
367.0000    1    1.500   1.0000           cue
368.5000    0    7.500   1.0000          NULL 
376.0000    1    1.500   1.0000           cue
377.5000    0    8.500   1.0000          NULL 
386.0000    1    1.500   1.0000           cue
387.5000    0    2.500   1.0000          NULL 
390.0000    1    1.500   1.0000           cue
391.5000    0    2.500   1.0000          NULL 
394.0000    1    1.500   1.0000           cue
395.5000    0    7.500   1.0000          NULL 
403.0000    1    1.500   1.0000           cue
404.5000    0    2.500   1.0000          NULL 
407.0000    1    1.500   1.0000           cue
408.5000    0    4.500   1.0000          NULL 
413.0000    1    1.500   1.0000           cue
414.5000    0    2.500   1.0000          NULL 
417.0000    1    1.500   1.0000           cue
418.5000    0    1.500   1.0000          NULL 
