3.71
1.55
7.91
2.95
3.83
3.60
1.66
2.66
4.22
2.99
1.36
3.81
1.32
2.09
1.74
1.02
1.93
4.32
5.59
6.63
1.39
1.00
5.34
4.09
1.36
1.77
1.39
2.39
1.52
6.89
6.60
2.88
4.08
7.86
2.52
1.78
1.25
2.47
2.69
1.64
2.10
5.09
1.63
1.54
1.89
1.75
5.70
1.06
7.14
3.27
1.96
1.26
4.85
1.00
1.13
2.24
3.52
2.94
1.74
2.86
1.29
2.84
8.65
1.17
2.64
1.29
1.31
2.14
2.14
8.38
1.91
1.08
1.53
2.03
3.96
1.24
1.35
1.45
4.64
3.68
2.35
2.04
6.25
1.60
1.66
6.67
1.05
4.05
1.39
1.28
5.14
5.73
5.18
1.85
2.07
7.54
1.82
1.37
2.93
8.13
1.70
1.99
1.67
1.89
1.00
1.52
1.81
5.10
3.13
5.62
1.32
3.26
1.86
1.30
1.50
4.72
4.27
1.05
2.47

