1.30
1.29
1.11
1.69
3.53
8.63
7.95
2.03
1.74
1.40
1.39
2.10
1.04
1.78
1.56
3.81
3.87
6.24
7.37
5.75
1.59
4.84
3.71
3.15
1.97
4.89
1.08
1.27
1.58
1.24
2.82
3.44
1.93
1.51
2.52
4.10
5.72
1.79
5.86
1.37
4.09
2.16
2.70
2.06
1.23
1.47
3.57
1.51
1.05
4.39
2.26
8.17
1.24
7.66
1.09
8.51
1.96
4.58
1.53
3.55
1.50
2.75
1.83
1.91
3.03
1.55
2.87
1.42
7.58
1.06
3.49
2.50
1.50
3.24
1.52
1.74
1.89
1.48
1.42
2.91
2.24
4.94
1.45
1.08
2.05
1.29
7.26
4.94
3.99
2.57
1.21
1.34
1.04
3.62
2.26
1.00
1.46
5.14
5.43
3.38
6.96
4.83
1.15
1.76
2.04
3.31
1.68
1.55
1.06
2.10
1.29
1.36
5.06
1.33
3.69
1.21
7.94
3.84
2.20

