3.56
3.80
1.26
1.10
1.92
4.47
5.13
1.54
2.70
2.67
1.35
1.15
4.29
3.15
6.48
8.08
2.64
1.75
1.00
2.36
2.10
3.35
1.49
1.87
1.06
1.44
2.93
5.62
2.60
3.24
1.03
5.53
1.10
2.37
6.41
1.58
5.28
4.12
1.31
2.93
3.00
1.09
7.42
3.29
3.90
1.27
4.87
5.89
1.98
1.68
2.08
1.03
5.17
8.30
1.61
1.96
1.59
6.12
5.09
6.89
4.63
1.53
1.71
2.17
2.02
1.23
1.71
2.84
3.47
1.33
1.52
1.17
2.76
1.35
1.50
1.18
1.71
3.12
5.96
1.85
1.00
1.36
1.40
2.18
1.13
5.43
2.15
3.34
2.73
2.25
1.71
1.37
1.45
2.68
2.04
3.44
1.18
2.54
6.33
1.94
7.14
1.81
2.22
4.58
5.58
8.36
4.36
1.13
1.13
2.54
8.68
3.99
1.84
1.46
1.13
3.38
4.65
1.46
2.55

