1.41
4.76
3.32
1.11
1.70
1.28
1.15
1.49
1.35
7.34
1.85
1.37
1.36
8.98
2.36
4.20
2.30
1.01
1.78
2.25
1.78
3.18
1.52
1.64
6.38
3.62
5.86
1.22
3.27
2.50
5.70
4.67
2.10
1.06
8.92
2.52
3.41
1.69
2.71
1.30
1.25
2.83
5.58
3.30
3.71
2.33
2.79
3.79
2.06
3.45
1.69
1.32
1.33
1.30
1.26
1.36
2.03
2.30
1.71
2.53
6.90
2.55
3.68
1.45
1.48
4.35
1.55
2.05
4.74
7.86
4.20
6.03
5.65
1.90
1.25
4.38
2.50
1.50
7.39
6.02
2.60
5.43
1.22
4.08
1.06
2.80
1.88
3.17
1.34
1.21
2.17
3.60
1.18
2.14
4.15
2.57
1.38
2.72
5.12
1.65
5.05
1.75
1.48
3.38
3.83
1.16
1.26
4.36
6.64
1.60
1.01
1.87
2.59
8.21
3.77
2.49
4.09
1.06
3.02

