1.52
3.25
1.93
3.19
3.36
1.04
3.11
1.78
1.50
1.77
1.31
2.15
1.12
1.25
2.84
2.87
1.60
8.19
2.69
6.79
7.22
1.55
1.41
1.76
1.02
3.86
1.09
1.19
1.68
1.47
2.38
1.43
5.94
7.85
5.66
5.64
2.64
2.06
2.53
6.20
6.29
2.05
1.23
2.54
8.86
1.45
2.10
1.07
5.91
8.05
2.07
2.37
4.63
1.45
8.43
2.34
4.12
2.55
1.27
4.26
1.73
1.66
5.49
1.95
1.46
2.45
1.32
1.63
5.76
1.71
1.80
5.06
1.21
1.26
2.12
1.53
4.28
4.85
1.66
2.35
3.48
2.21
8.96
2.61
1.28
1.72
1.90
3.07
7.89
2.04
1.03
6.23
1.54
2.08
1.51
1.43
1.73
1.56
3.01
1.31
1.22
1.31
7.69
1.49
8.89
5.77
1.68
3.26
1.28
1.61
1.89
1.44
1.44
2.72
2.61
3.01
2.30
1.76
2.71

