1.13
5.79
2.85
1.74
2.23
6.27
1.65
1.33
1.16
3.72
1.77
4.73
1.31
1.96
1.25
1.24
3.29
1.68
7.99
4.25
6.55
2.18
1.44
3.05
1.57
2.97
1.73
3.42
1.48
7.57
3.95
1.56
2.07
1.20
6.06
5.31
1.55
3.31
1.00
4.05
4.65
3.42
1.09
1.97
1.56
1.23
1.32
2.30
1.03
8.65
8.53
1.95
1.89
1.82
4.60
3.78
4.30
6.58
2.37
1.62
1.32
1.28
1.31
1.95
2.66
4.90
2.04
3.99
1.19
1.55
1.66
1.19
1.20
6.90
3.37
6.70
2.46
5.71
1.25
3.69
5.22
3.51
3.27
3.62
3.36
4.27
1.63
1.05
1.34
1.13
4.98
2.05
1.35
1.55
2.91
6.76
6.90
3.24
1.91
4.08
1.41
2.88
1.89
1.37
1.24
3.38
1.70
6.70
1.23
3.59
2.46
3.03
1.43
2.60
1.85
4.04
1.92
1.14
2.80

