4.72
4.11
2.01
1.41
1.64
1.55
6.24
1.61
1.93
3.54
3.03
1.54
1.09
3.71
4.68
1.09
1.59
1.39
3.80
7.46
1.73
1.43
1.21
4.29
1.38
1.95
1.48
2.38
1.27
7.01
1.78
2.32
2.66
1.09
5.49
3.97
1.06
5.35
1.17
3.48
5.20
7.58
3.58
3.35
1.49
7.60
4.19
4.33
7.69
2.23
3.20
1.00
4.95
2.57
2.74
1.46
1.17
3.39
1.32
1.83
5.64
1.29
1.22
1.85
1.35
1.11
7.78
1.85
6.87
1.84
1.60
1.43
1.30
1.31
3.36
1.60
3.08
6.89
4.38
3.45
2.11
1.20
1.56
1.09
1.24
1.34
8.56
2.67
4.78
2.47
1.84
8.27
2.57
4.17
2.32
4.01
2.27
3.84
1.34
1.17
3.75
1.25
2.11
4.56
2.42
1.13
2.59
4.89
3.30
1.65
8.90
1.08
2.74
1.61
4.51
1.71
1.82
1.58
1.65

