2.27
1.60
1.24
6.79
1.71
1.85
1.43
5.22
6.94
3.02
1.72
3.74
2.12
1.93
1.36
1.40
2.21
1.10
2.70
2.73
1.10
1.22
2.31
1.67
1.69
8.70
6.19
1.29
1.32
6.93
1.85
1.97
1.33
1.08
6.40
1.11
6.18
5.00
1.99
3.13
4.95
1.50
3.14
3.12
2.64
5.38
3.19
3.11
1.11
1.38
1.34
4.36
1.21
7.51
1.00
3.21
3.10
1.65
1.26
8.23
4.11
2.70
3.68
3.79
1.53
3.72
1.02
3.92
2.87
4.95
3.25
3.62
1.24
5.24
1.15
4.45
3.81
6.68
6.42
2.18
1.84
1.58
1.49
1.78
4.61
1.59
3.69
8.41
2.36
4.91
1.74
1.44
2.47
1.11
3.59
1.68
6.65
1.73
1.45
1.03
1.56
1.00
1.39
4.88
1.59
1.91
1.45
1.98
1.60
1.26
4.00
1.30
2.37
4.90
1.34
1.88
1.29
4.34
8.76

