3.55
1.48
6.46
1.44
1.42
2.15
2.32
1.54
1.91
3.94
8.74
3.73
1.12
2.45
4.45
1.83
1.60
4.01
1.06
1.83
6.68
1.60
5.42
1.47
1.03
1.51
1.30
1.35
1.40
1.91
2.32
1.57
1.82
2.53
4.50
5.47
1.83
2.21
1.50
1.51
4.13
2.17
4.06
1.77
1.84
2.31
3.53
3.34
6.21
3.46
1.12
2.79
3.44
1.62
1.31
1.70
3.24
1.15
5.34
2.95
1.97
7.58
2.13
1.29
4.92
1.06
1.02
1.83
2.13
3.52
5.53
7.51
8.79
1.47
1.81
2.98
1.26
7.98
6.63
2.70
1.46
1.01
1.46
1.75
5.16
2.74
1.11
1.77
5.09
2.26
1.33
4.93
1.33
1.87
1.98
1.95
4.20
1.77
1.37
3.15
3.16
8.42
1.05
3.58
8.89
1.54
2.17
1.64
8.41
2.10
1.41
2.20
1.99
8.73
1.76
1.32
2.02
1.54
1.51

