1.62
3.47
1.12
2.26
2.71
8.16
3.31
3.57
2.02
1.50
1.44
1.06
3.22
2.46
2.06
4.68
1.54
1.27
1.18
1.28
6.43
2.07
1.58
1.09
5.96
2.88
1.03
2.64
8.57
1.39
1.07
1.95
5.34
2.05
1.49
4.99
2.80
1.62
1.53
3.20
1.42
1.35
7.95
1.38
1.13
2.12
1.76
3.25
2.22
7.17
1.86
1.14
4.53
1.10
1.36
2.15
6.06
5.15
2.00
1.08
4.06
8.70
5.51
2.04
1.72
1.11
1.84
1.38
3.50
2.58
2.84
4.32
2.46
2.40
1.29
1.38
2.12
5.75
3.66
3.75
1.16
7.50
4.92
1.72
5.98
4.18
4.84
2.46
5.06
1.08
1.50
2.63
6.07
4.48
1.23
4.59
5.23
1.80
1.17
2.30
3.60
3.61
3.78
1.42
1.10
1.45
1.92
1.52
8.46
1.93
1.94
2.06
1.88
1.44
1.77
7.53
1.47
1.47
2.15

