1.39
5.18
1.35
6.33
4.31
1.81
1.64
2.95
1.29
1.92
1.55
1.34
1.62
4.18
5.70
2.00
5.25
3.74
1.52
2.12
3.34
1.16
1.89
1.42
5.20
2.67
3.15
2.45
5.48
4.91
2.50
2.38
1.69
1.21
2.46
8.52
1.51
6.68
6.01
6.26
1.32
1.78
1.26
5.43
6.90
2.15
1.41
1.05
1.96
1.33
1.68
1.25
4.30
2.24
1.96
1.32
1.23
2.50
1.42
1.25
6.67
3.48
5.62
2.03
5.62
1.30
1.21
2.20
3.49
4.49
4.35
8.13
1.12
1.34
8.29
1.79
1.84
3.20
2.24
3.28
1.98
2.72
1.46
2.30
5.02
1.26
6.72
1.57
2.04
1.51
4.24
4.75
5.08
5.81
4.89
1.72
1.87
1.73
6.25
1.46
1.71
1.11
1.91
1.28
1.16
7.45
4.72
1.05
2.41
2.89
1.46
1.48
2.28
3.22
1.95
1.89
1.07
1.61
1.49

