1.48
1.47
1.14
2.81
2.38
3.44
1.97
2.29
5.65
1.53
1.23
1.21
3.37
2.22
1.72
1.98
2.79
3.49
4.82
3.37
2.20
1.26
3.52
1.02
6.44
7.01
6.28
4.08
1.57
3.62
3.73
2.91
5.36
5.28
7.71
3.89
1.02
6.73
3.62
1.06
2.17
2.80
1.16
1.58
1.35
2.56
6.29
1.13
1.47
1.39
1.45
3.42
1.33
2.27
1.25
1.61
1.21
4.06
1.36
1.32
2.93
4.13
4.36
8.00
5.27
1.21
1.55
1.68
7.39
3.64
1.97
6.71
1.66
7.21
2.07
1.32
1.41
4.16
4.40
6.66
2.66
1.45
1.25
2.29
6.00
1.56
1.17
1.77
1.37
5.62
1.85
2.56
1.46
1.55
1.78
2.01
1.19
6.06
6.94
2.73
3.06
1.45
1.14
4.23
6.32
2.40
1.25
6.62
2.69
1.64
4.20
1.32
1.44
4.07
1.73
1.36
1.93
3.91
1.31

