4.92
1.88
1.62
2.21
1.83
6.01
3.55
2.34
2.15
1.83
1.77
1.05
1.29
7.90
5.57
6.43
1.32
1.30
5.86
2.34
3.35
7.56
1.79
3.70
1.33
3.34
5.55
1.43
6.51
1.75
1.40
1.95
3.12
2.60
1.51
4.98
2.19
1.83
8.38
1.17
1.68
4.35
1.07
4.73
1.24
3.16
1.45
1.13
8.56
1.29
4.25
3.25
1.39
7.89
3.23
1.40
1.92
4.10
5.96
5.36
1.62
1.51
6.16
1.01
1.20
1.24
1.75
1.99
1.25
1.62
6.11
1.37
1.89
7.99
1.84
1.42
2.76
2.42
1.15
2.01
1.44
8.39
2.42
2.60
2.31
7.12
5.10
1.70
1.59
1.41
2.42
3.56
1.97
1.08
7.35
5.55
2.44
1.69
1.49
2.85
3.02
1.67
2.68
3.15
2.20
2.94
1.40
3.23
1.79
2.05
2.27
2.30
1.87
1.32
1.49
1.74
3.65
1.41
3.39

