4.99
1.46
2.18
6.38
6.53
6.66
1.12
2.36
3.59
1.47
1.54
1.16
1.55
1.41
1.36
6.87
2.09
1.06
1.21
1.42
6.61
1.89
6.27
2.80
3.99
3.32
1.23
2.48
1.58
2.28
5.65
1.57
5.63
1.60
4.82
1.14
2.18
1.60
1.01
1.91
2.01
1.48
2.10
1.50
1.74
1.43
1.75
1.08
2.97
1.46
8.83
1.36
7.80
2.19
2.01
6.48
1.53
1.18
1.47
1.67
3.46
3.32
1.83
1.92
6.59
5.67
1.44
1.41
2.30
1.71
6.79
4.14
5.17
3.14
6.42
1.12
1.93
2.40
3.42
3.31
8.62
4.91
3.67
1.01
2.42
3.33
1.04
1.36
1.24
1.13
1.15
2.81
3.82
8.22
3.29
2.49
1.10
3.72
1.18
4.14
1.31
2.84
1.87
1.73
1.15
2.02
2.52
8.58
4.51
3.45
2.12
2.95
2.58
1.93
1.10
1.70
6.90
3.76
1.85

