1.17
2.87
3.62
2.61
1.40
3.48
1.11
2.31
4.90
8.12
3.20
1.30
1.64
1.30
2.16
1.76
1.69
2.26
2.52
1.39
2.12
1.74
1.75
7.53
1.08
4.64
1.65
1.47
1.20
6.14
8.39
2.35
1.95
1.76
1.44
5.33
3.72
2.99
4.02
5.82
1.68
1.27
1.70
1.95
6.45
7.29
2.89
1.98
1.10
1.67
3.09
2.95
5.85
1.10
1.20
1.20
5.82
2.67
1.39
1.57
4.96
3.62
2.77
1.71
2.76
4.53
1.78
7.98
2.04
3.02
2.80
1.97
4.07
6.16
4.46
2.20
6.78
1.34
5.89
1.72
1.86
5.23
1.28
3.54
1.15
5.46
1.28
1.57
1.28
1.83
1.47
1.82
1.13
5.61
3.19
1.93
3.04
7.32
4.23
1.88
3.25
5.21
1.22
2.48
1.05
4.22
1.78
5.57
1.29
1.60
1.25
1.25
1.47
1.45
2.33
8.32
4.06
1.29
1.90

