2.02
1.69
8.51
1.12
1.88
1.12
1.82
6.08
1.43
3.20
3.61
1.28
1.26
3.48
7.00
1.98
1.83
2.92
3.45
3.29
1.03
1.17
1.23
5.00
1.14
1.50
3.14
2.61
1.49
2.92
6.83
1.30
4.47
3.89
1.43
1.56
1.51
1.36
8.31
1.65
1.81
1.04
5.33
2.79
6.76
7.50
1.98
1.69
1.44
7.66
2.78
5.81
1.51
3.19
1.25
7.45
2.25
1.29
4.56
4.91
1.27
3.97
2.51
1.78
1.52
2.65
1.39
1.52
1.45
1.17
3.57
2.45
1.12
1.97
1.60
2.03
3.71
6.13
1.67
3.44
3.14
4.76
1.45
2.12
4.73
7.98
4.57
6.24
2.36
5.38
5.03
1.74
1.89
2.15
3.99
1.52
1.42
2.42
2.62
1.22
5.03
4.59
1.61
1.44
5.34
3.98
3.66
1.29
2.04
1.48
1.97
1.53
1.82
1.86
5.96
5.75
1.13
1.77
1.38

