7.30
1.63
1.04
1.86
1.73
4.11
4.20
1.61
1.75
6.34
2.23
1.36
6.34
3.27
5.45
2.29
2.75
1.00
2.19
1.54
1.84
4.45
2.01
8.30
7.24
4.05
1.25
2.12
1.73
3.90
1.93
1.36
1.47
1.38
6.37
1.70
1.66
1.57
1.33
2.51
1.40
3.88
1.16
1.41
1.88
1.44
4.18
1.58
4.36
3.08
6.41
2.23
1.38
2.36
1.11
1.98
3.03
1.22
7.43
3.53
1.48
3.46
1.18
1.03
1.47
1.16
1.09
6.39
1.88
1.42
7.47
8.89
1.44
1.78
7.66
1.09
7.74
2.09
1.53
2.40
2.13
4.24
2.95
1.33
1.84
1.38
1.26
1.40
2.91
8.60
3.39
1.74
2.70
1.04
1.62
1.28
6.42
2.88
4.10
1.45
2.99
2.67
1.02
2.47
3.95
4.55
1.32
1.91
3.43
2.81
3.43
4.10
1.88
1.61
3.65
5.15
3.80
2.46
4.61

