1.49
2.03
3.50
1.32
1.31
8.65
2.44
3.61
1.19
1.62
1.63
1.39
1.58
1.81
3.46
1.50
7.67
1.03
1.50
4.41
4.01
1.33
1.21
1.27
6.91
5.62
4.03
3.13
1.49
2.50
3.45
2.23
2.23
1.85
1.68
2.22
1.11
2.17
1.46
1.10
1.87
1.38
1.11
7.12
1.79
1.71
1.22
3.18
3.34
1.94
5.69
6.34
1.29
1.47
7.49
1.67
1.70
5.57
1.87
5.22
2.26
1.68
2.18
1.68
6.18
1.37
2.21
3.05
1.61
1.62
1.44
5.44
1.46
1.38
2.06
1.28
4.76
8.85
2.46
5.80
2.35
1.87
7.06
1.74
1.64
2.60
4.57
1.44
1.47
2.43
6.37
2.86
1.96
1.34
1.47
1.12
5.58
1.92
6.19
1.69
4.49
1.93
2.12
2.69
4.81
8.50
1.98
1.05
7.74
2.52
2.89
4.44
3.15
1.08
4.02
5.04
2.58
3.13
2.74

