1.37
1.61
3.25
1.71
2.64
1.16
1.07
5.58
3.09
7.97
1.85
3.23
5.63
4.28
4.42
2.72
6.64
1.03
1.31
5.78
1.51
1.90
1.84
1.49
2.05
8.06
4.64
1.23
1.42
1.38
1.83
3.69
2.49
1.38
2.35
1.02
1.61
1.20
1.98
1.84
4.71
3.97
4.44
1.26
1.10
2.43
7.87
6.89
4.47
6.65
5.50
7.82
1.35
2.38
1.69
1.58
1.78
1.50
4.13
8.25
4.17
1.47
1.91
1.70
1.92
1.25
1.30
2.54
4.25
1.42
2.31
8.56
1.36
3.23
2.43
4.99
1.97
2.39
1.28
1.44
2.64
1.64
3.84
1.00
2.27
1.22
1.34
2.74
1.33
1.06
1.09
1.96
1.52
3.41
2.33
2.49
3.21
1.76
1.95
7.43
4.05
1.40
3.86
3.43
5.72
4.58
1.25
3.58
1.09
1.76
6.31
5.51
2.17
1.25
6.36
1.57
4.55
1.71
2.09

