2.28
5.17
7.62
2.94
2.14
1.36
1.75
1.80
1.18
1.54
2.01
2.01
2.74
1.63
1.04
3.24
1.29
3.32
2.83
8.27
7.72
5.55
3.00
8.22
1.51
4.39
6.90
1.14
5.85
2.35
1.36
1.29
1.24
3.17
6.06
2.14
1.70
1.39
1.95
1.67
2.32
6.50
1.41
6.58
1.46
6.24
1.74
3.75
1.26
1.77
5.32
3.72
1.42
1.60
6.48
1.30
1.12
1.71
1.46
1.17
4.40
1.29
4.69
1.53
2.42
3.01
5.16
5.17
8.63
2.09
1.73
1.55
1.13
2.98
1.44
2.27
1.90
5.74
1.90
2.43
2.36
2.62
1.41
1.82
6.70
3.11
3.18
1.01
1.68
1.18
1.34
1.84
1.07
1.60
4.58
1.80
1.32
7.27
5.36
1.43
3.18
1.37
1.77
2.53
4.08
3.25
1.72
2.00
3.11
3.61
1.79
3.49
2.08
7.06
1.49
3.83
5.68
1.02
2.49

